   529.000 1 1 1 1 1      0.957      0.000      0.043      0.000    1
    94.000 1 1 1 0 1      0.687      0.000      0.313      0.000    1
    78.000 0 1 1 1 1      0.859      0.000      0.141      0.000    1
    62.000 1 1 0 1 1      0.580      0.000      0.420      0.000    1
    55.000 1 1 1 1 0      0.650      0.350      0.000      0.000    1
    10.000 1 1 * 1 1      0.916      0.000      0.084      0.000    1
     8.000 1 * 1 1 1      0.869      0.000      0.131      0.000    1
     7.000 1 1 1 * 1      0.917      0.000      0.083      0.000    1
     5.000 1 * * * *      0.391      0.248      0.224      0.136    1
     2.000 * 1 1 1 1      0.944      0.000      0.056      0.000    1
     2.000 1 * * 1 1      0.766      0.000      0.233      0.001    1
     2.000 0 1 * 1 1      0.750      0.000      0.250      0.000    1
     2.000 * * * * 1      0.547      0.000      0.438      0.015    1
     1.000 1 * 1 * 1      0.767      0.000      0.233      0.000    1
     1.000 * * 1 1 1      0.836      0.000      0.164      0.000    1
     1.000 * 1 0 1 1      0.515      0.000      0.485      0.000    1
     1.000 * 1 1 * *      0.755      0.162      0.083      0.000    1
     1.000 1 1 * 0 1      0.520      0.000      0.480      0.000    1
     1.000 0 * 1 1 1      0.646      0.000      0.354      0.000    1
     1.000 1 1 1 1 *      0.927      0.034      0.039      0.000    1
   135.000 1 0 1 0 0      0.002      0.977      0.000      0.021    2
    88.000 0 0 1 0 0      0.000      0.934      0.000      0.066    2
    74.000 1 1 1 0 0      0.063      0.937      0.000      0.000    2
    47.000 1 1 0 0 0      0.006      0.994      0.000      0.000    2
    44.000 1 0 0 1 0      0.004      0.643      0.000      0.353    2
    42.000 0 1 1 0 0      0.013      0.987      0.000      0.000    2
    35.000 0 1 0 0 0      0.001      0.999      0.000      0.000    2
    32.000 1 0 1 1 0      0.056      0.940      0.000      0.005    2
    24.000 0 0 1 1 0      0.011      0.972      0.000      0.017    2
    21.000 0 1 1 1 0      0.262      0.738      0.000      0.000    2
    20.000 1 1 0 1 0      0.150      0.850      0.000      0.000    2
    13.000 0 1 0 1 0      0.033      0.967      0.000      0.000    2
     7.000 1 0 * 0 0      0.001      0.501      0.000      0.498    2
     4.000 0 1 * 0 0      0.008      0.992      0.000      0.000    2
     4.000 0 * 1 0 0      0.005      0.952      0.000      0.044    2
     3.000 1 1 * 0 0      0.039      0.961      0.000      0.000    2
     3.000 1 0 1 * 0      0.014      0.969      0.000      0.017    2
     3.000 1 * * 1 0      0.268      0.633      0.000      0.099    2
     2.000 1 * 1 1 0      0.410      0.588      0.000      0.002    2
     2.000 0 1 1 * 0      0.082      0.918      0.000      0.000    2
     2.000 1 1 * 0 *      0.285      0.470      0.245      0.000    2
     2.000 1 * 1 0 0      0.024      0.962      0.000      0.013    2
     2.000 1 * 0 1 0      0.047      0.704      0.000      0.249    2
     2.000 * 1 0 0 0      0.004      0.996      0.000      0.000    2
     1.000 0 0 * 1 0      0.004      0.551      0.000      0.445    2
     1.000 0 * 1 1 0      0.116      0.874      0.000      0.010    2
     1.000 * 0 1 0 0      0.001      0.959      0.000      0.040    2
     1.000 0 0 1 * 0      0.003      0.942      0.000      0.055    2
     1.000 1 1 * * 0      0.221      0.779      0.000      0.000    2
     1.000 1 0 * * 0      0.005      0.545      0.000      0.450    2
     1.000 1 * * 0 0      0.009      0.603      0.000      0.387    2
     1.000 1 * 1 * 0      0.148      0.843      0.000      0.010    2
     1.000 0 1 * * *      0.347      0.434      0.218      0.000    2
     1.000 * * 1 * 0      0.104      0.877      0.000      0.019    2
    91.000 1 0 0 0 1      0.003      0.000      0.937      0.060    3
    88.000 1 0 1 1 1      0.337      0.000      0.663      0.000    3
    76.000 1 0 1 0 1      0.048      0.000      0.951      0.001    3
    70.000 1 0 0 1 1      0.031      0.000      0.964      0.006    3
    53.000 0 0 0 0 1      0.001      0.000      0.763      0.236    3
    41.000 1 1 0 0 1      0.121      0.000      0.879      0.000    3
    36.000 0 0 1 0 1      0.014      0.000      0.982      0.004    3
    35.000 0 0 1 1 1      0.122      0.000      0.877      0.000    3
    34.000 0 0 0 1 1      0.008      0.000      0.965      0.026    3
    19.000 0 1 1 0 1      0.376      0.000      0.624      0.000    3
    18.000 0 1 0 0 1      0.036      0.000      0.964      0.000    3
    14.000 0 1 0 1 1      0.275      0.000      0.725      0.000    3
     4.000 1 * 1 0 1      0.397      0.000      0.602      0.000    3
     3.000 1 0 1 * 1      0.201      0.000      0.798      0.000    3
     3.000 1 1 0 * 1      0.407      0.000      0.593      0.000    3
     3.000 0 0 0 * 1      0.004      0.000      0.841      0.156    3
     3.000 1 * 0 1 1      0.292      0.000      0.705      0.003    3
     3.000 1 0 * 0 1      0.023      0.000      0.943      0.033    3
     3.000 1 * 0 0 1      0.038      0.000      0.920      0.042    3
     1.000 0 * 0 1 1      0.100      0.000      0.882      0.017    3
     1.000 * * * 0 1      0.191      0.000      0.766      0.043    3
     1.000 0 1 * 0 1      0.229      0.000      0.771      0.000    3
     1.000 1 0 * 1 1      0.200      0.000      0.797      0.002    3
     1.000 0 * 0 0 1      0.009      0.000      0.811      0.180    3
     1.000 1 * 0 1 *      0.216      0.219      0.485      0.080    3
     1.000 0 * * 0 1      0.074      0.000      0.826      0.100    3
   558.000 0 0 0 0 0      0.000      0.117      0.000      0.883    4
   313.000 1 0 0 0 0      0.000      0.307      0.000      0.693    4
    53.000 0 0 0 1 0      0.000      0.353      0.000      0.647    4
    11.000 0 0 * 0 0      0.000      0.231      0.000      0.769    4
     9.000 0 * 0 0 0      0.000      0.170      0.000      0.829    4
     5.000 0 0 0 * 0      0.000      0.138      0.000      0.862    4
     5.000 1 * 0 0 0      0.001      0.406      0.000      0.593    4
     5.000 * 0 0 0 0      0.000      0.186      0.000      0.814    4
     3.000 0 * * * *      0.080      0.266      0.167      0.487    4
     3.000 1 0 0 * 0      0.000      0.347      0.000      0.652    4
     1.000 0 0 0 0 *      0.000      0.107      0.067      0.826    4
     1.000 0 * * 0 0      0.001      0.318      0.000      0.681    4
     1.000 * 0 0 0 *      0.000      0.159      0.125      0.716    4
     1.000 * * 0 0 0      0.000      0.261      0.000      0.739    4
     1.000 0 * * * 0      0.007      0.357      0.000      0.636    4
     1.000 0 * 0 1 0      0.006      0.455      0.000      0.539    4
     1.000 1 0 0 * *      0.005      0.239      0.297      0.460    4
     1.000 1 0 0 0 *      0.001      0.237      0.213      0.549    4
